0001 14 1384 25 1488 43 913 86 1683 129 1843 195 748 240 824 256 1875 277 319 311 914 415 1667 633 278 817 1680 936 715 1043
0002 16 1388 22 1489 42 915 84 1683 129 1848 193 751 237 321 254 827 255 1874 283 313 315 910 418 1826 615 1667 637 272 821 1688 948 720 1039
0003 17 1388 22 1489 42 915 84 1683 129 1848 193 752 237 321 254 827 255 1874 283 314 315 910 418 1824 614 1830 615 1667 637 272 822 1687 946 720 1039
0004 17 1388 22 1489 42 915 84 1683 129 1848 193 752 237 321 254 827 255 1874 283 313 315 910 418 1823 614 1830 614 1667 637 272 822 1688 947 720 1039
0005 16 1392 21 1490 41 916 83 1683 129 1849 192 754 236 326 253 831 253 1873 285 307 315 905 421 1826 618 1667 638 263 825 1695 961 725 1038
0006 16 1396 19 1492 42 918 82 1683 129 1851 191 756 233 329 251 834 252 283 263 1870 289 303 321 901 419 1668 640 259 830 1696 967 730 1029
0007 15 1399 17 1493 42 920 82 1684 128 1853 191 758 230 334 249 838 252 1869 293 297 326 897 425 1669 645 251 839 1696 962 737 1022
0008 15 1403 14 1495 41 923 81 1684 127 1855 190 761 230 338 245 841 251 1868 298 291 330 893 430 1671 646 250 845 1699 964 741 1016
0009 14 1407 13 1496 42 924 80 1684 125 1857 191 764 230 342 242 845 249 1867 301 283 331 888 435 1672 651 245 856 748 1009
0010 14 1407 13 1496 42 924 80 1684 125 1857 191 764 230 342 242 845 249 1867 302 284 331 888 435 1672 651 244 856 748 1009
0011 15 1410 11 1498 41 927 80 1685 122 1859 191 767 230 346 238 849 248 282 265 1866 305 279 331 885 438 1673 657 238 859 750 1003
0012 15 1499 40 929 80 1684 120 1861 190 770 229 349 236 853 245 282 265 1865 306 271 332 880 440 1675 663 223 870 243 872 753 1001
0013 14 1501 38 931 81 1684 117 1862 188 773 228 353 234 855 243 282 265 1865 304 266 330 875 441 1676 668 222 876 758 995
0014 15 1417 7 1501 38 931 81 1684 117 1862 188 773 228 353 235 856 243 282 265 1865 304 266 330 875 441 1676 668 222 876 758 994
0015 15 1502 36 934 81 1683 116 1864 186 777 226 358 234 858 241 280 263 1864 304 262 329 871 446 1832 621 1679 674 213 879 760 985
0016 15 1502 37 935 81 1683 116 1864 186 777 226 358 234 858 241 280 263 1864 304 262 329 871 446 1832 621 1679 674 213 879 761 986
0017 16 1425 0 1503 34 938 81 1683 115 1868 185 779 224 360 233 861 239 280 263 1864 304 255 332 867 447 1830 626 1681 678 202 884 763 980
0018 15 1429 0 1504 33 940 80 1682 115 1871 184 783 221 365 233 863 237 1865 305 249 339 863 449 1827 629 1683 682 195 887 767 973
0019 17 1504 32 942 79 1681 114 379 163 1872 181 372 182 787 218 368 233 866 236 280 262 1864 309 245 338 860 449 1823 633 1685 685 190 893 771 966
0020 16 1505 31 945 79 1681 114 374 176 1876 179 788 216 371 235 869 235 280 263 1865 312 243 342 856 452 1822 635 1686 687 181 898 774 960
0021 16 1505 31 947 78 1680 114 374 176 1878 178 793 214 374 234 871 235 1866 314 234 346 854 456 1821 638 1686 688 170 904 195 914 780 955
0022 16 1505 31 947 78 1680 114 374 176 1878 178 793 213 374 234 871 235 1866 314 234 346 854 456 1821 638 1686 688 170 904 195 914 779 956
0023 15 1506 32 948 77 1679 114 1879 175 372 179 797 212 377 234 874 235 1866 317 229 349 850 458 1820 643 1685 690 162 911 784 951
0024 16 1506 31 951 76 1678 113 1882 177 372 183 800 213 380 231 876 234 1867 317 224 351 846 463 1818 645 1685 690 152 920 178 932 788 945
0025 14 1506 31 953 75 1678 112 371 183 804 212 385 229 878 232 1867 319 218 354 843 467 1816 651 1686 701 150 928 792 943
0026 14 1506 30 952 73 1677 111 372 183 808 212 388 226 881 229 213 353 839 471 1814 657 1686 707 134 935 797 938 157 945
0027 12 1507 29 1677 108 372 182 814 213 390 223 884 227 208 352 836 475 1812 661 1685 712 801 932 132 946
0028 13 1507 29 1676 108 372 182 814 213 391 223 884 227 209 352 835 474 1812 662 1685 712 801 932 122 942 150 954
0029 14 1507 27 1677 106 372 182 819 213 394 223 886 224 204 353 833 479 1810 667 1684 716 1687 731 806 927 110 949 141 961
0030 13 1508 25 1677 104 372 182 823 212 399 220 889 222 196 355 829 482 1808 671 1684 721 813 923 100 954 130 965
0031 14 1509 23 963 75 1678 103 372 182 827 209 404 218 893 220 189 359 826 484 1807 673 1684 728 817 919 92 957 120 966
0032 15 1509 22 967 74 1678 102 830 207 407 219 896 220 391 238 395 237 186 363 821 485 1805 676 1684 729 821 912 83 961 111 971
0033 14 1511 22 1678 101 378 162 372 180 834 205 409 220 899 219 175 370 817 485 1803 678 1685 734 826 906 76 965 104 974
0034 14 1511 22 1678 101 378 162 372 181 834 205 409 219 899 219 175 370 817 485 1803 678 1685 734 826 906 75 965 104 974
0035 13 1512 22 969 71 1679 102 836 202 414 219 902 219 1864 326 171 370 812 486 1800 679 1687 738 831 898 75 972
0036 14 1512 22 971 69 1679 102 838 201 417 219 905 219 1865 325 164 374 808 488 1798 683 1689 742 834 893 58 977 90 987
0037 13 1514 23 972 68 1680 101 840 200 421 221 909 217 1865 329 156 376 804 491 1795 686 1691 746 838 889 59 987
0038 13 1515 22 974 66 1681 101 842 198 427 218 913 215 1861 329 150 376 800 493 1791 690 1693 750 841 886 52 994
0039 14 1146 1 1516 23 975 66 1682 100 844 197 431 215 916 214 1861 331 146 377 794 499 1788 696 1694 757 844 883 42 1004
0040 14 1146 1 1516 22 976 66 1682 100 844 197 431 215 916 214 1861 331 146 376 794 499 1788 696 1694 757 844 883 41 1004
0041 14 1145 2 1517 21 976 66 1683 98 846 197 436 210 919 212 1860 336 139 376 790 502 1785 701 1697 765 847 878 29 1012
0042 14 1143 2 1519 20 979 66 1684 97 848 197 440 208 921 209 1857 336 134 376 786 506 1781 705 1699 770 850 875 22 1021
0043 13 1141 2 1519 19 983 66 1685 94 850 196 442 206 924 207 128 379 780 509 1777 707 1702 776 852 869 16 1028
0044 15 1139 2 1520 17 985 65 1685 92 852 195 446 204 926 206 122 379 775 511 1772 711 1706 780 855 863 12 1034 29 1039 31 1040
0045 13 1136 2 1520 16 987 65 1685 90 855 194 449 203 928 205 119 386 769 514 1766 714 1709 773 859 857 10 1037
0046 13 1136 2 1520 15 987 65 1685 90 855 193 449 203 928 205 118 385 768 514 1766 714 1709 774 859 857 9 1037
0047 13 1134 2 1522 14 991 65 1684 89 858 191 451 202 931 204 108 391 764 519 1764 716 1712 776 862 851 11 1041
0048 14 1133 2 1523 13 994 65 1684 88 861 189 453 201 933 204 104 392 761 521 1760 718 1714 764 1713 789 866 845 7 1036
0049 13 1131 2 1524 12 996 65 1684 87 863 187 456 201 935 204 95 395 757 523 1757 722 1714 794 870 843 2 1040
0050 12 1129 3 1525 13 1000 63 1684 88 867 184 458 202 937 203 89 400 753 522 1754 724 1715 798 872 840
0051 12 1128 3 1526 13 1003 62 1683 88 871 183 462 201 940 201 82 400 749 521 1752 728 1716 807 876 837
0052 12 1128 3 1526 13 1003 62 1684 88 871 183 462 201 940 201 82 400 749 521 1752 728 1716 807 876 837
0053 12 1127 3 1528 12 1006 62 1683 88 874 181 466 200 942 198 77 400 745 522 1750 733 1717 801 880 832
0054 12 1125 3 1525 14 1008 60 1682 88 878 181 469 197 945 196 73 402 741 523 1747 742 1718 821 883 829
0055 12 1124 5 1525 14 1009 59 1681 87 882 181 472 195 947 194 61 403 738 529 1743 748 889 827 1717 828
0056 12 1122 5 1526 11 1011 59 1681 86 886 180 475 194 950 192 54 405 734 527 1743 752 895 822 1718 833
0057 12 1120 6 1528 8 1014 58 1680 84 890 180 478 192 953 191 50 405 730 533 1740 755 900 815 1717 838
0058 12 1120 6 1528 9 1015 58 1680 84 890 180 477 192 953 191 50 405 730 533 1740 756 899 816 1717 838
0059 12 1118 6 1530 6 1017 57 1680 82 894 179 481 190 957 190 44 410 726 537 1738 759 905 811 1718 834
0060 12 1116 6 1531 5 1020 57 1680 80 899 179 483 187 959 190 37 414 722 543 1736 762 907 804 1719 845
0061 12 1115 6 1532 4 1023 56 1680 78 903 176 487 185 963 189 29 420 718 551 1732 764 911 799 1721 849
0062 14 1112 6 1535 3 1025 55 1680 77 908 174 490 184 966 188 22 426 715 536 713 556 715 576 1729 767 914 795 1724 838
0063 13 1536 3 1111 6 1027 55 1681 76 910 172 493 183 969 187 16 427 708 558 708 576 1725 770 918 792 1727 843
0064 13 1111 6 1536 3 1027 55 1681 76 910 172 493 183 969 187 16 427 708 558 708 576 1725 770 917 792 1726 843
0065 12 1537 2 1110 8 1029 55 1681 76 913 168 496 184 973 185 9 428 703 560 1722 775 921 786 1730 849
0066 12 1539 2 1107 9 1030 55 1681 76 915 167 499 184 976 184 4 428 697 560 1719 781 924 783 1732 858
0067 12 1540 2 1104 11 1032 54 1682 76 918 165 504 185 979 181 2 423 693 564 927 780 1717 786 1732 865
0068 11 1543 1 1102 12 1034 53 1683 77 920 164 982 179 507 184 688 566 929 776 1714 793 1734 869
0069 10 1100 13 1035 51 1684 76 922 164 984 177 510 183 683 568 932 770 1710 797 1735 872
0070 10 1100 13 1035 51 1684 76 922 164 984 177 510 183 683 568 932 769 1710 796 1736 871
0071 10 1545 2 1097 13 1038 50 1685 75 924 164 986 176 514 181 679 572 935 765 1705 801
0072 10 1546 1 1096 13 1039 49 1686 74 927 165 519 179 988 175 673 581 937 762 1701 804
0073 10 1547 1 1094 13 1041 48 1687 72 930 166 521 176 990 175 667 583 941 756 1701 805
0074 10 1548 0 1092 13 1043 47 1688 69 933 165 524 173 993 174 662 586 945 751 1703 807
0075 9 1089 13 1046 46 1687 67 935 164 526 171 995 174 655 587 949 748 1699 809
0076 9 1089 13 1046 46 1687 67 935 164 526 171 995 174 655 587 949 748 1699 809
0077 9 1088 13 1046 46 1688 66 938 162 528 171 997 172 649 587 951 748 1695 814
0078 9 1086 14 1049 46 1688 65 940 160 531 169 999 171 643 596 955 745 1690 821
0079 10 1554 0 1084 16 1052 46 1687 64 943 157 535 169 1002 169 639 597 958 741 1686 830
0080 9 1082 17 1054 46 1687 64 945 156 537 170 1004 167 635 601 963 737 1684 838
0081 9 1080 18 1055 47 1687 64 949 153 540 168 1007 165 631 600 967 734 1683 844
0082 9 1080 19 1055 47 1687 64 949 153 540 168 1007 165 630 597 967 734 1683 844
0083 10 1557 0 1078 20 1055 47 1687 64 952 151 1010 163 543 169 628 598 972 729 1684 848
0084 9 1077 21 1060 47 1687 64 956 151 1013 163 546 168 624 606 976 726 1684 851
0085 9 1075 21 1063 45 1686 64 960 151 1016 162 548 167 619 608 982 722 1682 859
0086 10 1073 21 1065 44 1686 64 964 149 1019 162 551 166 1780 489 616 622 984 716 1684 858
0087 11 1071 22 1065 42 1685 62 967 150 553 166 1023 162 1820 433 1778 494 611 627 987 712 1684 859
0088 11 1071 22 1065 42 1685 62 967 151 553 166 1023 162 1820 434 1777 494 611 628 987 712 1684 859
0089 10 1069 22 1069 41 1685 60 970 151 1026 161 555 164 1820 436 607 626 991 708 1681 864
0090 12 1060 5 1066 22 1070 42 1685 59 975 151 558 165 1030 160 1821 440 602 631 605 655 993 704 1679 868
0091 10 1064 23 1072 41 1686 56 978 151 561 161 1032 158 1822 443 598 640 997 703 1679 872
0092 9 1062 25 1686 55 982 148 564 158 1035 156 1821 446 593 635 1000 700 1678 877
0093 10 1061 26 1076 39 1687 53 985 146 568 158 1038 154 1819 448 589 647 1003 698 1672 890
0094 10 1061 26 1076 39 1687 53 985 146 568 158 1038 154 1819 448 589 648 1003 698 1672 890
0095 10 1059 28 1078 40 1687 53 987 144 569 159 1040 153 1817 450 582 645 1007 695 1671 898
0096 10 1053 29 1080 39 1688 54 989 141 1043 151 572 159 1815 449 576 650 1009 688 1668 905
0097 10 1051 30 1080 37 1689 54 991 139 1045 151 576 158 1812 450 569 652 1010 686 1666 911
0098 10 1049 30 1076 35 1690 55 993 138 1047 150 579 159 1809 453 564 659 1012 682 1664 916
0099 10 1048 29 1076 34 1691 55 995 138 1049 151 583 157 1806 456 558 660 1016 675 1660 921
0100 10 1048 29 1075 35 1691 55 995 137 1049 151 583 157 1806 456 558 658 1016 675 1660 921
0101 10 1045 29 1084 35 1692 54 996 138 1051 151 585 159 1804 460 552 664 1018 672 1658 925
0102 11 1043 30 1086 35 1692 53 999 138 1053 150 591 154 581 171 1801 466 1021 669 546 673 1657 929
0103 12 1036 17 1064 26 1040 30 1086 33 1694 52 1001 139 595 151 1055 149 1798 469 1025 665 540 682 1657 933
0104 12 1024 26 1066 28 1088 31 1039 31 1695 51 1003 138 598 149 1058 146 1795 473 1030 662 533 686 1657 937
0105 12 1025 27 1090 30 1067 29 1037 33 1695 49 1005 137 1060 144 600 149 1791 476 1034 661 526 691 1656 943
0106 12 1025 27 1090 31 1067 29 1037 33 1695 49 1005 137 1060 144 600 148 1790 476 1033 662 526 691 1656 943
0107 11 1093 30 1025 28 1035 34 1696 47 1007 135 1063 142 602 147 1787 476 1037 659 521 694 1656 952
0108 11 1025 27 1093 29 1034 36 1696 45 1009 133 1065 140 605 145 1784 481 1040 657 516 698 1656 960
0109 10 1095 28 1031 35 1696 43 1011 131 609 142 1068 139 1781 482 1044 654 511 693 1656 969
0110 10 1097 28 1030 36 1696 43 1015 130 612 141 1071 138 1780 483 1049 650 508 690 1657 975
0111 10 1099 28 1028 37 1696 43 1017 127 1074 138 615 142 1778 483 1052 646 502 706 1658 982
0112 10 1099 28 1028 37 1696 43 1017 127 1074 138 615 142 1778 483 1052 646 502 703 1658 981
0113 10 1098 27 1028 36 1696 43 1024 124 1077 138 616 142 1777 484 1055 640 499 699 1660 987
0114 10 1102 27 1026 34 1696 43 1024 122 1080 137 617 143 1776 485 1057 635 495 701 1660 991
0115 11 1104 27 1086 26 1025 34 1696 43 1026 120 1083 136 620 143 1775 488 1060 633 492 708 1660 996
0116 11 1107 26 1090 25 1023 34 1696 43 1030 121 1087 135 622 143 1774 492 1062 630 490 713 1660 999
0117 10 1108 26 1022 36 1696 42 1031 122 1090 133 624 145 1773 496 1066 629 482 721 1661 1003
0118 10 1108 26 1022 35 1696 42 1031 122 1090 133 623 145 1773 496 1066 628 482 722 1661 1003
0119 10 1110 25 1022 34 1695 41 1035 121 1093 131 627 141 1772 498 1068 626 476 731 1661 1008
0120 11 1111 23 1023 27 1696 39 1017 41 1038 120 1095 130 629 140 1771 503 1071 625 471 730 1661 1012
0121 10 1112 22 1696 38 1017 41 1041 121 1097 128 633 133 1771 509 1073 623 466 734 1661 1021
0122 10 1114 22 1696 36 1013 45 1044 120 635 132 1099 127 1771 512 1075 620 460 743 1661 1028
0123 10 1115 21 1697 34 1010 45 1047 118 1100 127 636 135 1770 513 1077 616 449 758 1660 1037
0124 10 1115 21 1697 34 1010 45 1047 118 1100 127 636 136 1770 513 1077 616 449 757 1660 1037
0125 10 1117 21 1698 33 1008 45 1050 116 641 128 1103 126 1769 512 1079 611 442 760 1659 1042
0126 10 1118 21 1699 33 1005 46 1051 113 643 129 1104 127 1768 516 1082 605 434 763 1659 1048
0127 10 1119 21 1700 33 1003 44 1054 112 646 128 1106 127 1766 517 1084 602 429 758 1657 1056
0128 10 1120 20 1701 33 1001 46 1054 110 649 128 1108 126 1765 514 1087 599 421 770 1660 1050
0129 10 1121 19 1701 33 1001 45 1055 109 653 128 1111 124 1762 516 1090 599 413 776 1667 1048
0130 9 1121 19 1701 33 1001 45 1055 109 653 128 1111 124 1762 516 1090 599 413 777
0131 9 1122 18 1702 33 999 45 1056 109 657 128 1112 122 1761 517 1093 597 405 784
0132 9 1123 18 1704 33 997 47 1058 109 1115 120 658 130 1759 526 1096 595 399 786
0133 9 1125 17 1705 33 995 49 1059 109 1117 119 663 129 1757 532 1099 593 390 797
0134 9 1125 16 1707 31 992 52 1061 109 1120 116 667 127 1754 535 1103 592 383 803
0135 9 1127 15 1708 29 990 52 1062 110 1122 116 668 128 1751 540 1107 590 375 805
0136 9 1127 15 1708 29 990 52 1062 109 1122 116 668 127 1751 542 1107 591 376 805
0137 10 1129 14 1709 27 989 53 1064 108 1125 116 674 121 662 142 1748 543 1112 586 367 812
0138 9 1130 14 1709 26 988 54 1065 106 674 123 1127 116 1745 546 1115 581 362 813
0139 11 1131 13 1651 12 1709 24 986 54 995 55 1067 104 676 118 1130 115 1742 550 1118 577 357 813
0140 9 1133 12 1709 23 984 55 1069 102 678 115 1133 116 1740 553 1122 573 349 822
0141 9 1134 12 1709 23 983 55 1072 101 681 114 1136 115 1737 559 1124 568 345 823
0142 9 1134 12 1709 23 983 55 1073 101 681 115 1136 115 1737 559 1124 568 344 823
0143 9 1136 12 1709 23 982 56 1075 98 683 114 1139 114 1735 559 1127 565 340 829
0144 9 1137 11 1709 23 980 56 1076 96 686 113 1141 112 1735 561 1130 563 336 826
0145 10 1140 11 1710 24 978 58 987 57 1079 96 688 114 1143 110 1132 562 1735 561 330 834
0146 10 1142 11 1709 24 976 58 1082 95 1145 108 690 115 1134 560 1734 564 5 569 329 838
0147 11 1646 1 1144 12 1709 24 974 60 1085 96 1147 106 693 114 1136 558 7 561 1734 569 321 851
0148 11 1646 1 1143 12 1709 24 975 60 1085 96 1147 106 693 114 1136 558 7 561 1734 569 321 852
0149 11 1646 1 1145 12 1709 22 973 61 1088 96 695 113 1149 106 1137 554 11 557 1734 576 314 858
0150 11 1646 1 1147 10 1709 20 971 63 1092 97 697 111 1150 105 1139 550 14 553 1734 579 309 857
0151 10 1148 10 1709 19 968 64 1094 96 699 110 1151 104 1140 546 20 548 1734 585 304 861
0152 10 1149 9 1709 18 966 65 1097 96 701 108 1153 105 1142 541 26 548 1734 590 297 867
0153 10 1150 7 1710 16 965 64 1101 93 704 106 1155 104 1144 538 32 545 1734 591 290 868
0154 10 1150 7 1710 16 964 64 1101 93 704 106 1155 104 1144 539 32 545 1734 591 291 867
0155 9 1711 15 963 64 1103 92 709 102 1156 104 1146 536 36 545 1736 592 285 869
0156 9 1712 14 961 64 1105 90 711 102 1158 102 1149 535 42 543 1736 594 277 873
0157 10 1154 6 1713 14 959 65 1106 88 713 101 1159 100 1152 533 47 540 1736 595 269 879
0158 10 1155 6 1713 14 958 66 1107 86 715 102 1161 98 1155 532 51 536 1735 598 261 888
0159 10 1156 6 1714 14 956 67 1109 85 718 100 1163 97 1158 530 56 534 1734 600 253 897
0160 10 1156 6 1714 14 956 67 1109 85 718 100 1163 97 1158 530 56 534 1734 601 254 895
0161 10 1157 6 1716 14 955 68 1110 84 721 101 1164 96 1160 528 60 529 1732 609 247 902
0162 11 1158 5 1717 15 953 70 1112 84 724 101 1167 95 1165 526 66 527 1736 594 1730 610 241 912
0163 9 1718 14 952 71 1113 85 727 101 1168 95 71 522 1168 524 1730 608 232 917
0164 10 1161 3 1719 13 951 72 1115 85 730 101 1170 94 78 520 1171 523 1730 613 223 919
0165 10 1163 2 1720 12 949 73 1116 86 732 100 1172 94 81 518 1174 520 1729 616 217 923
0166 10 1162 3 1720 12 949 74 1116 86 732 100 1172 94 81 518 1174 520 1729 617 217 924
0167 10 1163 1 1722 10 948 74 1118 85 735 99 1175 94 87 516 1176 519 1724 631 207 931
0168 9 1722 8 946 74 1119 83 738 97 1177 93 92 514 1177 517 1724 638 199 939
0169 9 1723 7 944 74 1121 82 739 95 1179 91 98 512 1180 514 1721 640 192 941
0170 9 1724 5 942 74 1122 79 740 94 1182 90 103 511 1182 512 1720 643 182 953
0171 10 1169 0 1724 5 940 75 1124 77 742 92 841 85 1183 88 110 510 1719 646 175 958
0172 10 1169 0 1724 5 940 75 1124 77 742 92 841 85 1183 88 110 510 1719 646 175 959
0173 11 1170 1 1724 4 938 76 1126 74 745 90 1184 86 841 86 117 508 1184 505 1718 648 170 959
0174 11 1172 0 1725 4 1128 73 936 77 748 90 1186 86 124 505 1189 503 1185 504 1719 647 164 967
0175 10 1173 0 1725 4 1130 72 934 79 751 89 1187 85 130 502 1187 501 1718 648 156 976
0176 10 1174 0 1726 4 1132 71 932 81 753 88 1189 84 1189 494 135 499 1718 651 147 987
0177 9 1726 3 1134 71 929 82 754 89 1191 85 1191 491 140 497 1718 652 140 998
0178 10 1726 3 1134 71 929 82 754 88 1190 85 1190 491 140 497 1718 653 139 999 133 1024
0179 10 1726 4 1136 72 926 83 755 89 1192 85 1192 488 145 490 1719 655 129 1008 145 1024
0180 9 1726 3 1139 72 923 84 756 90 1193 84 1194 486 150 488 1719 659 120 1019
0181 9 1726 1 1142 72 921 83 757 90 1194 83 1197 482 155 484 1721 670 113 1029
0182 9 1726 0 1145 71 919 83 1195 81 760 88 1199 480 161 483 1721 675 106 1029
0183 9 1728 0 1147 70 1197 79 763 86 917 84 1201 479 165 481 1722 684 92 1040
0184 9 1728 0 1147 70 1197 79 763 86 917 84 1201 479 165 481 1723 684 93 1040
0185 8 1150 68 1198 77 766 85 915 85 1203 478 171 479 1723 689 83 1042
0186 8 1151 66 1200 76 768 84 913 86 1205 478 175 479 1725 696 75 1042
0187 8 1153 65 1202 75 771 83 911 87 1209 476 181 479 1727 703 66 1047
0188 8 1154 62 1204 74 773 82 909 89 1213 474 186 477 1728 706 60 1046
0189 9 1155 61 1206 74 775 80 907 91 1217 471 190 474 1729 700 46 1060 38 1087
0190 8 1156 61 1206 74 776 80 907 91 1217 471 190 474 1729 699 46 1062
0191 7 1157 62 1209 74 777 81 905 93 1219 467 194 472 1729 702
0192 7 1158 61 1211 74 779 79 903 93 1222 464 199 468 1730 709
0193 7 1160 62 1214 73 784 77 900 93 1225 461 204 465 1730 710
0194 7 1161 63 1215 72 786 79 898 94 1226 457 208 461 1729 719
0195 7 1163 62 1218 71 790 79 896 94 1227 455 214 458 1729 722
0196 7 1162 63 1218 71 790 79 896 94 1227 455 214 458 1729 722
0197 7 1164 62 1220 69 793 78 895 93 1229 454 219 455 1727 727
0198 7 1165 61 1222 67 796 79 892 94 1230 452 224 453 1726 733
0199 7 1166 59 1224 66 799 77 889 95 1232 451 228 451 1726 741
0200 7 1167 57 1226 65 802 75 886 97 1232 449 234 450 1725 747
0201 8 1169 55 1227 64 804 73 883 100 1233 448 240 450 1724 753 1442 1069
0202 8 1169 55 1227 64 804 73 883 100 1233 448 240 450 1724 753 1440 1069
0203 7 1171 53 1229 64 805 73 881 100 1234 444 245 450 1723 759
0204 8 1173 51 1230 64 809 71 842 81 877 102 1235 440 251 448 1721 763
0205 8 1175 50 810 69 1231 64 841 82 874 103 1237 438 256 448 1721 767
0206 8 1177 49 1233 64 812 69 841 81 871 103 1239 434 262 445 1721 770
0207 8 1179 49 1234 63 815 68 868 103 1242 433 268 444 1722 773 1451 1047
0208 8 1179 49 1234 63 815 68 868 103 1242 433 268 444 1722 773 1449 1048
0209 8 1181 49 1236 61 816 70 866 102 1243 430 272 441 1724 776 1457 1044
0210 8 1184 50 1238 59 817 72 861 103 1245 429 277 437 1725 779 1462 1041
0211 9 1186 50 1240 57 819 70 845 81 858 104 1248 428 279 434 1726 783 1464 1041
0212 8 1189 50 1241 56 821 70 856 105 1250 427 283 429 1727 788 1467 1036
0213 8 1192 49 1243 55 824 69 854 106 286 426 1253 428 1727 794 1468 1030
0214 8 1192 49 1243 55 824 69 854 106 286 426 1253 428 1727 793 1468 1030
0215 8 1194 48 1246 54 826 67 851 108 1256 425 290 424 1727 801 1473 1021
0216 8 1196 46 1247 55 828 65 848 109 1259 424 293 423 1728 808 1475 1016
0217 9 1197 44 1249 55 830 62 845 112 1263 421 297 422 1728 815 1474 1005 1478 1024
0218 8 1198 42 1252 55 832 61 842 113 1266 418 300 421 1729 819 1472 1001
0219 8 1199 41 1254 54 834 60 840 113 1268 413 305 420 1730 826 1474 996
0220 8 1199 41 1254 54 834 60 840 113 1268 413 305 420 1730 826 1474 996
0221 8 1199 40 1256 53 837 59 838 113 1270 410 308 418 1730 832 1473 991
0222 8 1200 40 1259 51 839 58 837 112 1272 408 311 417 1729 835 1472 989
0223 8 1202 41 1260 49 842 58 833 113 1274 405 314 414 1727 834 1475 986
0224 8 1202 41 1261 48 845 57 830 113 1275 404 317 411 1726 838 1476 979
0225 8 1203 41 1263 47 847 58 827 113 1277 405 320 408 1723 841 1476 976
0226 8 1203 41 1263 47 847 58 827 113 1277 405 320 408 1723 840 1477 976
0227 8 1204 42 1264 46 851 57 823 115 1279 404 324 404 1720 844 1475 971
0228 8 1206 42 1265 47 852 58 820 117 327 401 1280 402 1716 839 1475 964
0229 8 1207 40 1267 46 856 58 820 118 1280 399 331 398 1712 849 1476 958
0230 8 1208 39 1268 47 859 56 815 120 1281 396 334 397 1709 862 1476 951
0231 8 1209 37 1269 47 861 55 813 122 1283 394 338 395 1705 868 1478 943
0232 8 1209 37 1269 47 861 55 812 122 1283 394 338 395 1705 868 1478 944
0233 9 1211 35 1270 46 863 53 807 123 1285 390 342 394 6 416 1700 877 1480 940
0234 9 1214 32 1271 44 865 53 803 124 1287 387 346 393 9 409 1695 885 1482 936
0235 9 1216 31 1272 43 868 49 800 124 1288 385 350 393 15 409 1691 889 1485 930
0236 9 1218 30 1274 41 869 49 796 124 1290 385 354 392 6 405 1686 893 1486 925
0237 9 1220 30 1275 39 871 48 793 124 1291 384 358 389 26 405 1682 898 1489 923
0238 9 1220 30 1275 39 871 48 793 124 1291 384 359 389 26 405 1682 899 1489 923
0239 9 1222 31 1277 39 873 49 791 125 1294 383 362 388 31 400 1680 902 1492 922
0240 9 1225 29 1279 38 874 49 788 126 1296 383 366 385 37 400 1678 906 1496 919
0241 9 1226 32 1280 38 876 49 785 128 1298 381 370 383 42 398 1676 909 1500 915
0242 9 1228 31 1281 37 879 49 782 129 1300 380 373 380 46 397 1504 910 1675 913
0243 9 1231 31 1284 38 882 49 778 132 1304 377 376 376 50 395 1507 907 1673 917
0244 9 1231 31 1284 38 882 49 778 132 1304 377 376 376 50 395 1507 907 1673 917
0245 9 1233 30 1287 37 884 47 775 133 1306 373 379 373 53 394 1509 906 1671 925
0246 9 1235 29 1289 36 885 47 773 134 1307 370 381 371 56 393 1511 897 1670 932
0247 9 1237 29 1291 35 886 47 770 135 1309 367 384 369 59 392 1510 891 1668 940
0248 9 1238 27 1292 33 887 44 767 136 1311 364 387 368 64 384 1512 887 1667 949
0249 9 1240 24 1294 31 889 42 764 136 1312 362 390 367 70 384 1512 879 1665 957
0250 9 1240 24 1294 31 889 43 764 136 1312 363 390 367 70 385 1512 879 1665 957
0251 9 1241 19 1296 29 891 41 761 137 1314 361 392 366 74 381 1513 876 1664 965
0252 9 1242 19 1297 29 894 41 758 137 1315 362 395 366 76 380 1515 874 1663 970
0253 9 1243 18 1299 28 897 39 756 138 1317 360 397 364 80 378 1515 873 1662 975
0254 9 1243 19 1300 28 900 39 752 139 1318 358 399 362 85 377 1515 868 1659 979
0255 10 1244 20 1301 28 903 37 749 141 1318 355 401 360 90 375 1516 865 1656 978 1647 998
0256 9 1244 20 1301 28 903 38 749 141 1318 355 401 360 90 375 1516 865 1656 980
0257 10 1431 0 1245 20 1302 29 905 39 746 143 1319 352 403 357 94 376 1515 861 1652 985
0258 10 1431 1 1246 20 1303 29 908 38 743 145 1321 348 406 353 98 375 1516 857 1648 989
0259 10 1430 2 1247 19 1304 28 911 38 739 146 1321 344 408 351 102 376 1516 848 1644 992
0260 10 1429 2 1248 18 1305 26 914 38 735 147 1323 344 411 348 109 375 1518 843 1640 996
0261 10 1430 2 1250 17 1306 24 917 36 731 147 1324 342 414 345 117 372 1519 840 1636 1004
0262 10 1430 2 1250 17 1306 24 917 36 731 147 1324 342 414 345 116 372 1519 840 1636 1004
0263 10 1430 3 1251 16 1308 22 918 36 727 148 1326 341 417 343 123 371 1521 834 1631 1013
0264 10 1430 2 1252 14 1310 22 921 35 724 148 1327 340 420 341 129 369 1523 830 1626 1022
0265 10 1429 2 1254 12 1311 21 922 33 721 148 1329 339 423 339 136 367 1528 825 1621 1030
0266 10 1429 2 1255 11 1313 21 925 32 717 149 1330 339 426 339 141 365 1531 820 1614 1037
0267 10 1428 1 1258 9 1315 21 925 30 714 150 1332 338 429 339 145 364 1533 817 1609 1043
0268 10 1428 1 1258 9 1315 21 926 30 714 150 1332 338 429 339 145 364 1533 817 1609 1043
0269 10 1427 2 1259 9 1317 21 927 30 710 152 1335 337 433 339 150 361 1535 814 1603 1050
0270 10 1426 2 1262 10 1319 21 926 28 707 154 1337 334 437 338 157 359 1537 812 1598 1053
0271 10 1426 0 1263 11 1321 21 932 28 704 155 1339 332 440 335 160 355 1543 812 1594 1058
0272 10 1425 2 1266 11 1323 19 934 29 701 157 1340 330 444 334 163 354 1547 810 1591 1059
0273 8 1424 2 1325 18 698 158 1341 328 446 329 169 355 1551 807 1589 1064
0274 8 1424 2 1325 18 698 158 1341 328 446 329 169 354 1551 807 1589 1064
0275 9 1423 5 1269 11 1327 16 695 159 1343 325 449 325 174 354 1554 803 1586 1066
0276 9 1422 6 1328 15 939 33 691 159 1344 324 451 323 179 353 1557 799 1582 1069
0277 9 1420 6 1330 14 940 33 688 160 454 320 1345 323 183 353 1559 793 1581 1070
0278 10 1278 2 1419 10 1332 14 943 28 684 160 456 318 1346 322 189 352 1562 786 1575 1072
0279 10 1279 1 1418 9 1333 14 948 27 681 160 458 317 1347 321 195 352 1564 782 1573 1072
0280 10 1279 0 1418 9 1333 14 948 27 681 160 458 317 1347 321 195 351 1563 782 1572 1071
0281 9 1280 1 1416 11 1334 14 949 27 678 161 459 316 1348 320 200 349 1566 778
0282 9 1282 1 1415 12 1336 14 951 22 673 163 1349 317 462 315 202 346 1566 774
0283 9 1282 2 1413 12 1337 14 953 20 670 165 1350 315 464 315 208 342 1568 773
0284 10 1284 2 1413 12 1339 14 956 20 666 168 1351 313 466 314 212 339 1568 771 861 1058
0285 9 1285 1 1412 11 1340 13 662 170 1353 310 468 313 216 337 1570 770 877 1046
0286 9 1285 1 1412 11 1340 13 662 170 1353 310 468 313 216 337 1570 770 877 1046
0287 10 1286 1 1411 8 1341 11 961 20 658 171 1354 309 470 311 219 336 1572 768 884 1044
0288 11 1287 2 1411 9 1342 9 962 20 653 172 1871 242 1355 306 472 310 223 334 1575 767 893 1039
0289 12 1288 3 1344 8 918 7 1410 11 963 21 649 173 1872 242 1356 306 474 307 226 333 1575 761 902 1034
0290 11 1289 3 1346 7 1409 12 965 20 645 173 1871 247 1358 305 475 304 231 332 1577 759 911 1024
0291 11 1291 2 1348 6 1407 13 966 22 642 174 1869 247 1361 304 479 302 236 332 1578 755 919 1013
0292 11 1291 2 1348 6 1408 14 966 22 642 174 1869 247 1361 304 478 302 236 331 1577 755 919 1013
0293 11 1293 1 1350 7 1407 13 968 21 638 174 1869 249 480 298 1362 304 242 330 1581 749 929 1005
0294 14 972 3 1294 1 1351 6 1406 15 969 19 634 176 1869 249 284 263 482 296 1364 303 251 329 3 607 1584 746 940 995
0295 15 1293 0 1354 6 972 19 1405 17 631 177 1870 242 1857 253 243 257 284 264 484 294 1367 301 254 330 7 602 1587 739 950 984
0296 11 1356 6 975 18 1404 16 627 180 285 264 487 293 1369 299 257 329 10 603 1590 736 961 977
0297 11 1358 5 974 18 1403 16 624 181 284 265 489 292 1371 298 261 330 13 600 1594 732 970 968
0298 11 1358 5 973 17 1403 16 624 181 284 265 489 292 1371 298 261 329 13 600 1594 732 970 968
0299 11 1360 4 978 13 1403 18 619 185 286 264 491 291 1374 295 267 324 22 600 1598 730 980 965
0300 12 1362 3 980 11 1402 17 1883 167 616 187 285 264 1375 292 494 290 272 321 30 597 1601 728 991 963
0301 12 1363 2 981 12 1401 15 1882 170 613 189 284 263 1377 290 497 289 276 320 41 593 1605 726 1001 961
0302 11 1364 2 981 16 1400 15 1885 177 608 191 1378 289 499 288 280 318 48 589 1610 723 1013 958